 #    mass             x               y              z       time   halo_radius     halo_mass  halo_radius2    halo_mass2  peak_density core_radius_1 core_radius_2 core_radius_3   core_mass_1   core_mass_2   core_mass_3   halo_chmr   core_chmr
54 2.0e-23 0.299755859375 0.779638671875 0.145263671875 7.2842e-01 3.5212095e+01 7.8849679e+09 3.5387813e+01 7.9267621e+09 2.9217540e+06 3.5954989e+00 3.3095874e+00 3.5707750e+00 3.8039283e+08 3.3149695e+08 3.8302665e+08 1.27450e+01 5.12563e-01
55 2.0e-23 0.301123046875 0.777587890625 0.145947265625 6.7913e-01 3.8283820e+01 9.4614424e+09 3.8618737e+01 9.5384005e+09 9.5241500e+06 2.6699777e+00 2.6059613e+00 2.6574607e+00 5.1225222e+08 5.4137207e+08 5.1466501e+08 1.54508e+01 8.49270e-01
56 2.0e-23 0.301123046875 0.771435546875 0.143212890625 6.3126e-01 4.1622302e+01 1.1297958e+10 4.1864837e+01 1.1356470e+10 4.5232156e+06 3.2181800e+00 2.4721520e+00 3.2011909e+00 4.2499239e+08 2.2624102e+08 4.2724787e+08 1.85414e+01 3.60083e-01
57 2.0e-23 0.299755859375 0.770068359375 0.143896484375 5.8472e-01 4.4857879e+01 1.3188917e+10 4.5157600e+01 1.3255968e+10 8.0815159e+06 2.7882015e+00 2.5186831e+00 2.7688549e+00 4.9053198e+08 4.2663319e+08 4.9395944e+08 2.18241e+01 6.88922e-01
58 2.0e-23 0.299755859375 0.768017578125 0.144580078125 5.3946e-01 4.8009820e+01 1.5134393e+10 4.8463351e+01 1.5235296e+10 9.1679879e+06 2.6930848e+00 2.3108671e+00 2.6829025e+00 5.0785702e+08 3.6419206e+08 5.0978446e+08 2.53055e+01 5.96676e-01
59 2.0e-23 0.295654296875 0.768017578125 0.146630859375 4.9539e-01 5.1356167e+01 1.7204137e+10 5.1548629e+01 1.7245808e+10 6.3719639e+06 2.9584708e+00 2.4506588e+00 2.9383605e+00 4.6230032e+08 3.0265481e+08 4.6546433e+08 2.89143e+01 5.03109e-01
60 2.0e-23 0.297705078125 0.759130859375 0.140478515625 4.5246e-01 5.4685089e+01 1.9450237e+10 5.5019555e+01 1.9517979e+10 5.3062861e+06 3.0897666e+00 2.5689789e+00 3.0759250e+00 4.4265545e+08 2.9126256e+08 4.4464739e+08 3.30497e+01 4.91275e-01
61 2.0e-23 0.300439453125 0.762548828125 0.144580078125 4.1060e-01 5.7636234e+01 2.1375475e+10 5.8178990e+01 2.1485433e+10 7.2588685e+06 2.8538218e+00 2.4151106e+00 2.8441741e+00 4.7925277e+08 3.2711255e+08 4.8087845e+08 3.67652e+01 5.59871e-01
62 2.0e-23 0.297705078125 0.757080078125 0.140478515625 3.6975e-01 6.1003536e+01 2.3720036e+10 6.1536253e+01 2.3823858e+10 4.2079866e+06 3.2745663e+00 2.6615507e+00 3.2595287e+00 4.1767425e+08 2.5415807e+08 4.1960115e+08 4.12226e+01 4.41444e-01
63 2.0e-23 0.297021484375 0.756396484375 0.142529296875 3.2985e-01 6.4326157e+01 2.5963321e+10 6.4648297e+01 2.6022729e+10 7.3571248e+06 2.8552367e+00 2.7487860e+00 2.8346299e+00 4.7901528e+08 4.9156901e+08 4.8249755e+08 4.55615e+01 8.66513e-01
64 2.0e-23 0.297705078125 0.757080078125 0.141845703125 2.9085e-01 6.7623482e+01 2.8140451e+10 6.7631227e+01 2.8141816e+10 1.3554650e+07 2.4483708e+00 2.1916163e+00 2.4330516e+00 5.5861719e+08 4.5911970e+08 5.6213439e+08 4.98919e+01 8.21450e-01
65 2.0e-23 0.297021484375 0.755712890625 0.145947265625 2.5267e-01 7.0756392e+01 3.0397321e+10 7.1122160e+01 3.0458827e+10 6.8274859e+06 2.8915445e+00 2.2948889e+00 2.8880732e+00 4.7300051e+08 2.6109142e+08 4.7356902e+08 5.47218e+01 4.74206e-01
66 2.0e-23 0.295654296875 0.754345703125 0.144580078125 2.1525e-01 7.3878251e+01 3.2584946e+10 7.4459784e+01 3.2681727e+10 1.0354478e+07 2.6163309e+00 2.5916974e+00 2.6025037e+00 5.2275575e+08 5.7441237e+08 5.2553317e+08 5.95505e+01 1.05921e+00
67 2.0e-23 0.292919921875 0.749560546875 0.142529296875 1.7854e-01 7.7116013e+01 3.4885530e+10 7.7831644e+01 3.5000955e+10 8.9284340e+06 2.7121776e+00 2.5551259e+00 2.7007201e+00 5.0428187e+08 4.7093042e+08 5.0642123e+08 6.47427e+01 8.81816e-01
68 2.0e-23 0.293603515625 0.749560546875 0.143896484375 1.4245e-01 8.0293304e+01 3.7058115e+10 8.1069807e+01 3.7181634e+10 9.4995265e+06 2.6803461e+00 2.7053733e+00 2.6591811e+00 5.1027068e+08 5.9875190e+08 5.1433203e+08 6.98880e+01 1.13873e+00
69 2.0e-23 0.296337890625 0.747509765625 0.143212890625 1.0696e-01 8.3419549e+01 3.9121578e+10 8.4222054e+01 3.9262475e+10 6.4624576e+06 2.9289940e+00 2.4902907e+00 2.9280196e+00 4.6695281e+08 3.2618355e+08 4.6710822e+08 7.50733e+01 6.30213e-01
70 2.0e-23 0.292236328125 0.744091796875 0.142529296875 7.2069e-02 8.6551588e+01 4.1163751e+10 8.7366974e+01 4.1334606e+10 1.0358165e+07 2.6419607e+00 2.4670976e+00 2.6022720e+00 5.1768446e+08 5.2621238e+08 5.2557995e+08 8.04928e+01 1.03310e+00
71 2.0e-23 0.293603515625 0.743408203125 0.143212890625 3.7877e-02 8.9504852e+01 4.2939775e+10 9.0342132e+01 4.3157644e+10 8.4234118e+06 2.7620756e+00 2.5939244e+00 2.7403207e+00 4.9517181e+08 4.8982966e+08 4.9910290e+08 8.56925e+01 9.77382e-01
72 2.0e-23 0.291552734375 0.745458984375 0.147314453125 4.7148e-03 9.2271301e+01 4.4464981e+10 9.3144900e+01 4.4733633e+10 9.3340776e+06 2.7416372e+00 2.5497468e+00 2.6708872e+00 4.9886323e+08 5.3588006e+08 5.1207778e+08 9.06575e+01 1.08677e+00
